BG_TRIM_4_fL 1000
MIM2.03.M1.a
19 19 3 Jul 28 13:52:26 2026
Recommended: BOTTOMPLATEMIMS2 METAL1 spacing < 1.20
 EXTE BOTTOMPLATEMIMS2 METAL1 -lt 1.200000 -abut lt 90.000000 -single_point -output region -measure all MIM2.03.M1.a:CLEARANCE_$51_detect
 NOT MIM2.03.M1.a:CLEARANCE_$51_detect noDRC MIM2.03.M1.a:L263265
p 1 15
681910 62885
682552 63466
682550 63455
682550 62516
682800 63690
682800 73690
682550 74864
682550 73916
681910 74495
681910 71455
682441 70975
681910 70495
681910 64415
682469 63960
681910 63455
p 2 10
680800 63690
681590 62787
681590 63135
680890 63935
681590 64735
681590 70175
680890 70975
681590 71775
681590 74593
680800 73690
p 3 15
463370 69800
463675 69006
463675 67205
463730 66680
463730 62492
463800 63690
463800 73690
463730 74888
463730 73553
463675 73445
463675 71645
463370 70850
463370 70700
463514 70325
463370 69950
p 4 4
182825 74735
182235 73690
183715 73690
183125 74735
p 5 22
169834 73733
169340 73690
169800 73690
169800 67948
170660 68785
170660 73790
171160 73746
171160 69285
171725 68389
171725 67340
171800 66142
171800 73690
172888 73690
171783 73971
171725 74888
171725 73985
171614 73985
171160 74705
171160 73751
170660 73795
170535 73795
170535 74639
p 6 6
170735 63137
171800 63690
171800 65655
171580 64475
171580 64194
170735 63755
p 7 8
169800 63690
170525 62734
170525 63755
170495 63794
170900 63855
170900 64115
169932 64538
169800 64711
p 8 4
160645 74735
160055 73690
161535 73690
160945 74735
p 9 4
156970 73950
155799 73690
158441 73690
157270 73950
p 10 4
158405 63690
155835 63690
156970 63300
157270 63300
p 11 4
146190 74700
145542 73690
147138 73690
146490 74700
p 12 4
146865 63690
145815 63690
146190 62550
146490 62550
p 13 4
143660 73950
142489 73690
145131 73690
143960 73950
p 14 4
145095 63690
142525 63690
143660 63300
143960 63300
p 15 4
132880 74700
132232 73690
133828 73690
133180 74700
p 16 4
133555 63690
132505 63690
132880 62550
133180 62550
p 17 4
127884 63690
105866 63690
106875 63040
126875 63040
p 18 5
105015 74170
103915 73690
107341 73690
106868 73748
105900 74170
p 19 7
96800 63690
83646 63690
84655 63040
104655 63040
105664 63690
98800 63690
97800 63046
MIM2.03.M2.a
6 6 3 Jul 28 13:52:26 2026
Recommended: BOTTOMPLATEMIMS2 METAL2 spacing < 1.20
 EXTE BOTTOMPLATEMIMS2 METAL2 -lt 1.200000 -abut lt 90.000000 -single_point -output region -measure all MIM2.03.M2.a:CLEARANCE_$52_detect
 NOT MIM2.03.M2.a:CLEARANCE_$52_detect noDRC MIM2.03.M2.a:L263267
p 1 15
169814 73710
169296 73690
169800 73690
169800 72757
170481 73716
170800 73728
171169 73714
171800 72723
171800 73690
172354 73690
171787 73711
171155 74702
171155 73735
170495 73735
170495 74668
p 2 12
169800 63690
170530 62738
170530 63768
170730 63789
170730 63147
171800 63690
171800 67118
170730 66575
170730 64570
170530 64615
170530 66775
169800 67727
p 3 4
128935 74045
127789 73690
130781 73690
129635 74045
p 4 4
128780 63690
105870 63690
106875 63035
127775 63035
p 5 7
96800 63690
82790 63690
83795 63035
104655 63035
105660 63690
98800 63690
97800 63038
p 6 4
81895 74045
80749 73690
83741 73690
82595 74045
MIM2.03.M3.a
6 6 3 Jul 28 13:52:26 2026
Recommended: BOTTOMPLATEMIMS2 METAL3 spacing < 1.20
 EXTE BOTTOMPLATEMIMS2 METAL3 -lt 1.200000 -abut lt 90.000000 -single_point -output region -measure all MIM2.03.M3.a:CLEARANCE_$53_detect
 NOT MIM2.03.M3.a:CLEARANCE_$53_detect noDRC MIM2.03.M3.a:L263269
p 1 6
608930 62864
609800 63690
609800 72295
609100 71320
609100 70002
608930 69840
p 2 6
607800 63690
608610 62805
608610 69840
608440 70026
608440 71320
607800 72335
p 3 6
171410 62555
171800 63690
171800 65703
171630 64515
171630 64455
171410 63815
p 4 6
171325 71690
171350 71632
171350 70210
171800 69098
171800 73690
171325 74792
p 5 4
169800 63690
170970 63815
170970 64515
169800 64782
p 6 6
169800 69119
170300 70210
170300 71639
170325 71690
170325 74769
169800 73690
MIM2.03.M4.a
4 4 3 Jul 28 13:52:26 2026
Recommended: BOTTOMPLATEMIMS2 METAL4 spacing < 1.20
 EXTE BOTTOMPLATEMIMS2 METAL4 -lt 1.200000 -abut lt 90.000000 -single_point -output region -measure all MIM2.03.M4.a:CLEARANCE_$54_detect
 NOT MIM2.03.M4.a:CLEARANCE_$54_detect noDRC MIM2.03.M4.a:L263271
p 1 4
609100 69840
609800 68865
609800 72295
609100 71320
p 2 4
607800 68825
608440 69840
608440 71320
607800 72335
p 3 4
171350 70210
171800 69098
171800 72802
171350 71690
p 4 4
169800 69119
170300 70210
170300 71690
169800 72781
MIM2.03.M5.a
4 4 3 Jul 28 13:52:26 2026
Recommended: BOTTOMPLATEMIMS2 METAL5 spacing < 1.20
 EXTE BOTTOMPLATEMIMS2 METAL5 -lt 1.200000 -abut lt 90.000000 -single_point -output region -measure all MIM2.03.M5.a:CLEARANCE_$55_detect
 NOT MIM2.03.M5.a:CLEARANCE_$55_detect noDRC MIM2.03.M5.a:L263273
p 1 4
609100 69840
609800 68865
609800 72295
609100 71320
p 2 4
607800 68825
608440 69840
608440 71320
607800 72335
p 3 4
171350 70210
171800 69098
171800 72802
171350 71690
p 4 4
169800 69119
170300 70210
170300 71690
169800 72781
POL.12
1 1 2 Jul 28 13:52:26 2026
POLYGDENSITY minimum density (window 100umx100um) < 0.15
 DENSITY POL.12:MINDENSITY_$1_inpLay -lt 0.150000 -window 100.000000 100.000000 -step 50.000000 50.000000 -backup -inside_of layer DIF.10:_EPTMPL264924 POL.12:L264351
p 1 4
550055 190
755470 190
755470 123980
550055 123980
ME1.11
1 1 2 Jul 28 13:52:26 2026
METAL1DENSITY minimum density (window 100umx100um) < 0.30
 DENSITY ME1.11:MINDENSITY_$2_inpLay -lt 0.300000 -window 100.000000 100.000000 -step 50.000000 50.000000 -backup -inside_of layer DIF.10:_EPTMPL264924 ME1.11:L264353
p 1 4
55 190
650055 190
650055 123980
55 123980
ME2.11
1 1 2 Jul 28 13:52:26 2026
METAL2DENSITY minimum density (window 100umx100um) < 0.30
 DENSITY ME2.11:MINDENSITY_$3_inpLay -lt 0.300000 -window 100.000000 100.000000 -step 50.000000 50.000000 -backup -inside_of layer DIF.10:_EPTMPL264924 ME2.11:L264355
p 1 4
55 190
755470 190
755470 123980
55 123980
ME3.11
1 1 2 Jul 28 13:52:26 2026
METAL3DENSITY minimum density (window 100umx100um) < 0.30
 DENSITY ME3.11:MINDENSITY_$4_inpLay -lt 0.300000 -window 100.000000 100.000000 -step 50.000000 50.000000 -backup -inside_of layer DIF.10:_EPTMPL264924 ME3.11:L264357
p 1 4
55 190
755470 190
755470 123980
55 123980
ME4.11
1 1 3 Jul 28 13:52:26 2026
METAL4DENSITY minimum density (window 100umx100um) < 0.30
 NOT METAL4DENSITY noDRC ME4.11:MINDENSITY_$5_inpLay
 DENSITY ME4.11:MINDENSITY_$5_inpLay -lt 0.300000 -window 100.000000 100.000000 -step 50.000000 50.000000 -backup -inside_of layer DIF.10:_EPTMPL264924 ME4.11:L264359
p 1 4
55 190
755470 190
755470 123980
55 123980
ME5.11
1 1 3 Jul 28 13:52:26 2026
METAL5DENSITY minimum density (window 100umx100um) < 0.30
 NOT METAL5DENSITY noDRC ME5.11:MINDENSITY_$6_inpLay
 DENSITY ME5.11:MINDENSITY_$6_inpLay -lt 0.300000 -window 100.000000 100.000000 -step 50.000000 50.000000 -backup -inside_of layer DIF.10:_EPTMPL264924 ME5.11:L264361
p 1 4
55 190
755470 190
755470 123980
55 123980
MEF.11
1 1 2 Jul 28 13:52:26 2026
METALFDENSITY minimum density (window 400umx400um) < 0.30
 DENSITY MEF.11:MINDENSITY_$7_inpLay -lt 0.300000 -window 400.000000 400.000000 -step 200.000000 200.000000 -backup -inside_of layer DIF.10:_EPTMPL264924 MEF.11:L264363
p 1 4
55 190
755470 190
755470 123980
55 123980
