REF_GEN_fL 1000
MIM2.03.M1.a
19 19 3 Jul 28 08:53:04 2026
Recommended: BOTTOMPLATEMIMS2 METAL1 spacing < 1.20
 EXTE BOTTOMPLATEMIMS2 METAL1 -lt 1.200000 -abut lt 90.000000 -single_point -output region -measure all MIM2.03.M1.a:CLEARANCE_$51_detect
 NOT MIM2.03.M1.a:CLEARANCE_$51_detect noDRC MIM2.03.M1.a:L263265
p 1 15
781275 63230
781917 63811
781915 63800
781915 62861
782165 64035
782165 74035
781915 75209
781915 74261
781275 74840
781275 71800
781806 71320
781275 70840
781275 64760
781834 64305
781275 63800
p 2 10
780165 64035
780955 63132
780955 63480
780255 64280
780955 65080
780955 70520
780255 71320
780955 72120
780955 74938
780165 74035
p 3 15
562735 70145
563040 69351
563040 67550
563095 67025
563095 62837
563165 64035
563165 74035
563095 75233
563095 73898
563040 73790
563040 71990
562735 71195
562735 71045
562879 70670
562735 70295
p 4 4
282190 75080
281600 74035
283080 74035
282490 75080
p 5 22
269199 74078
268705 74035
269165 74035
269165 68293
270025 69130
270025 74135
270525 74091
270525 69630
271090 68734
271090 67685
271165 66487
271165 74035
272253 74035
271148 74316
271090 75233
271090 74330
270979 74330
270525 75050
270525 74096
270025 74140
269900 74140
269900 74984
p 6 6
270100 63482
271165 64035
271165 66000
270945 64820
270945 64539
270100 64100
p 7 8
269165 64035
269890 63079
269890 64100
269860 64139
270265 64200
270265 64460
269297 64883
269165 65056
p 8 4
260010 75080
259420 74035
260900 74035
260310 75080
p 9 4
256335 74295
255164 74035
257806 74035
256635 74295
p 10 4
257770 64035
255200 64035
256335 63645
256635 63645
p 11 4
245555 75045
244907 74035
246503 74035
245855 75045
p 12 4
246230 64035
245180 64035
245555 62895
245855 62895
p 13 4
243025 74295
241854 74035
244496 74035
243325 74295
p 14 4
244460 64035
241890 64035
243025 63645
243325 63645
p 15 4
232245 75045
231597 74035
233193 74035
232545 75045
p 16 4
232920 64035
231870 64035
232245 62895
232545 62895
p 17 4
227249 64035
205231 64035
206240 63385
226240 63385
p 18 5
204380 74515
203280 74035
206706 74035
206233 74093
205265 74515
p 19 7
196165 64035
183011 64035
184020 63385
204020 63385
205029 64035
198165 64035
197165 63391
MIM2.03.M2.a
6 6 3 Jul 28 08:53:04 2026
Recommended: BOTTOMPLATEMIMS2 METAL2 spacing < 1.20
 EXTE BOTTOMPLATEMIMS2 METAL2 -lt 1.200000 -abut lt 90.000000 -single_point -output region -measure all MIM2.03.M2.a:CLEARANCE_$52_detect
 NOT MIM2.03.M2.a:CLEARANCE_$52_detect noDRC MIM2.03.M2.a:L263267
p 1 15
269179 74055
268661 74035
269165 74035
269165 73102
269846 74061
270165 74073
270534 74059
271165 73068
271165 74035
271719 74035
271152 74056
270520 75047
270520 74080
269860 74080
269860 75013
p 2 12
269165 64035
269895 63083
269895 64113
270095 64134
270095 63492
271165 64035
271165 67463
270095 66920
270095 64915
269895 64960
269895 67120
269165 68072
p 3 4
228300 74390
227154 74035
230146 74035
229000 74390
p 4 4
228145 64035
205235 64035
206240 63380
227140 63380
p 5 7
196165 64035
182155 64035
183160 63380
204020 63380
205025 64035
198165 64035
197165 63383
p 6 4
181260 74390
180114 74035
183106 74035
181960 74390
MIM2.03.M3.a
6 6 3 Jul 28 08:53:04 2026
Recommended: BOTTOMPLATEMIMS2 METAL3 spacing < 1.20
 EXTE BOTTOMPLATEMIMS2 METAL3 -lt 1.200000 -abut lt 90.000000 -single_point -output region -measure all MIM2.03.M3.a:CLEARANCE_$53_detect
 NOT MIM2.03.M3.a:CLEARANCE_$53_detect noDRC MIM2.03.M3.a:L263269
p 1 6
708295 63209
709165 64035
709165 72640
708465 71665
708465 70347
708295 70185
p 2 6
707165 64035
707975 63150
707975 70185
707805 70371
707805 71665
707165 72680
p 3 6
270775 64860
270995 64395
270995 64160
271165 64035
271165 69155
270775 68020
p 4 6
270690 72035
270715 71977
270715 70555
271165 69443
271165 74035
270690 75137
p 5 4
269165 64035
270335 64160
270335 64860
269165 65127
p 6 6
269165 69464
269665 70555
269665 71984
269690 72035
269690 75114
269165 74035
MIM2.03.M4.a
4 4 3 Jul 28 08:53:04 2026
Recommended: BOTTOMPLATEMIMS2 METAL4 spacing < 1.20
 EXTE BOTTOMPLATEMIMS2 METAL4 -lt 1.200000 -abut lt 90.000000 -single_point -output region -measure all MIM2.03.M4.a:CLEARANCE_$54_detect
 NOT MIM2.03.M4.a:CLEARANCE_$54_detect noDRC MIM2.03.M4.a:L263271
p 1 4
708465 70185
709165 69210
709165 72640
708465 71665
p 2 4
707165 69170
707805 70185
707805 71665
707165 72680
p 3 4
270715 70555
271165 69443
271165 73147
270715 72035
p 4 4
269165 69464
269665 70555
269665 72035
269165 73126
MIM2.03.M5.a
4 4 3 Jul 28 08:53:04 2026
Recommended: BOTTOMPLATEMIMS2 METAL5 spacing < 1.20
 EXTE BOTTOMPLATEMIMS2 METAL5 -lt 1.200000 -abut lt 90.000000 -single_point -output region -measure all MIM2.03.M5.a:CLEARANCE_$55_detect
 NOT MIM2.03.M5.a:CLEARANCE_$55_detect noDRC MIM2.03.M5.a:L263273
p 1 4
708465 70185
709165 69210
709165 72640
708465 71665
p 2 4
707165 69170
707805 70185
707805 71665
707165 72680
p 3 4
270715 70555
271165 69443
271165 73147
270715 72035
p 4 4
269165 69464
269665 70555
269665 72035
269165 73126
ME1.10
10 10 3 Jul 28 08:53:05 2026
METAL1pin must be inside METAL1
 NOT METAL1pin METAL1 ME1.10:MUST_OVERLAP_$8_detect
 NOT ME1.10:MUST_OVERLAP_$8_detect noDRC ME1.10:L263949
p 1 4
760 0
960 0
960 200
760 200
p 2 4
1240 0
1440 0
1440 200
1240 200
p 3 4
423690 125800
423890 125800
423890 126000
423690 126000
p 4 4
424275 125800
424475 125800
424475 126000
424275 126000
p 5 4
1357415 0
1357615 0
1357615 200
1357415 200
p 6 4
1357895 0
1358095 0
1358095 200
1357895 200
p 7 4
1358410 0
1358610 0
1358610 200
1358410 200
p 8 4
1359405 107210
1359605 107210
1359605 107410
1359405 107410
p 9 4
1359405 106505
1359605 106505
1359605 106705
1359405 106705
p 10 4
418385 128140
435780 128140
435780 133260
418385 133260
ME2.10
48 48 3 Jul 28 08:53:05 2026
METAL2pin must be inside METAL2
 NOT METAL2pin METAL2 ME2.10:MUST_OVERLAP_$9_detect
 NOT ME2.10:MUST_OVERLAP_$9_detect noDRC ME2.10:L263954
p 1 4
0 124685
200 124685
200 124885
0 124885
p 2 4
0 124205
200 124205
200 124405
0 124405
p 3 4
0 121005
200 121005
200 121205
0 121205
p 4 4
740 -5765
940 -5765
940 -5565
740 -5565
p 5 4
860 -4175
1060 -4175
1060 -3975
860 -3975
p 6 4
16885 -4290
17085 -4290
17085 -4090
16885 -4090
p 7 4
16975 -5735
17175 -5735
17175 -5535
16975 -5535
p 8 4
475315 0
475515 0
475515 200
475315 200
p 9 4
475795 0
475995 0
475995 200
475795 200
p 10 4
476275 0
476475 0
476475 200
476275 200
p 11 4
476755 0
476955 0
476955 200
476755 200
p 12 4
477235 0
477435 0
477435 200
477235 200
p 13 4
477715 0
477915 0
477915 200
477715 200
p 14 4
478195 0
478395 0
478395 200
478195 200
p 15 4
478675 0
478875 0
478875 200
478675 200
p 16 4
479155 0
479355 0
479355 200
479155 200
p 17 4
479635 0
479835 0
479835 200
479635 200
p 18 4
480115 0
480315 0
480315 200
480115 200
p 19 4
480595 0
480795 0
480795 200
480595 200
p 20 4
481075 0
481275 0
481275 200
481075 200
p 21 4
481555 0
481755 0
481755 200
481555 200
p 22 4
482035 0
482235 0
482235 200
482035 200
p 23 4
482515 0
482715 0
482715 200
482515 200
p 24 4
482995 0
483195 0
483195 200
482995 200
p 25 4
483475 0
483675 0
483675 200
483475 200
p 26 4
483955 0
484155 0
484155 200
483955 200
p 27 4
484435 0
484635 0
484635 200
484435 200
p 28 4
484915 0
485115 0
485115 200
484915 200
p 29 4
485395 0
485595 0
485595 200
485395 200
p 30 4
485875 0
486075 0
486075 200
485875 200
p 31 4
486355 0
486555 0
486555 200
486355 200
p 32 4
1359405 104305
1359605 104305
1359605 104505
1359405 104505
p 33 4
1359405 103345
1359605 103345
1359605 103545
1359405 103545
p 34 4
1359405 102385
1359605 102385
1359605 102585
1359405 102585
p 35 4
1359405 101425
1359605 101425
1359605 101625
1359405 101625
p 36 4
1359405 100945
1359605 100945
1359605 101145
1359405 101145
p 37 4
1359405 98545
1359605 98545
1359605 98745
1359405 98745
p 38 4
1359405 97585
1359605 97585
1359605 97785
1359405 97785
p 39 4
1359405 97105
1359605 97105
1359605 97305
1359405 97305
p 40 4
1359405 94705
1359605 94705
1359605 94905
1359405 94905
p 41 4
1359405 93745
1359605 93745
1359605 93945
1359405 93945
p 42 4
1359405 93265
1359605 93265
1359605 93465
1359405 93465
p 43 4
1359405 90865
1359605 90865
1359605 91065
1359405 91065
p 44 4
1359405 89905
1359605 89905
1359605 90105
1359405 90105
p 45 4
1359405 89425
1359605 89425
1359605 89625
1359405 89625
p 46 4
1359405 87025
1359605 87025
1359605 87225
1359405 87225
p 47 4
1359405 34735
1359605 34735
1359605 34935
1359405 34935
p 48 4
1359405 34255
1359605 34255
1359605 34455
1359405 34455
DIF.10
1 1 2 Jul 28 08:53:05 2026
DIFFDENSITY minimum density (window 100umx100um) < 0.25
 DENSITY DIF.10:MINDENSITY_$0_inpLay -lt 0.250000 -window 100.000000 100.000000 -step 50.000000 50.000000 -backup -inside_of layer DIF.10:_EPTMPL264924 DIF.10:L264349
p 1 18
0 -527895
1375285 -527895
1375285 133260
1250000 133260
1250000 72105
1200000 72105
1200000 133260
1000000 133260
1000000 72105
950000 72105
950000 22105
300000 22105
300000 72105
200000 72105
200000 22105
100000 22105
100000 72105
0 72105
POL.12
1 1 2 Jul 28 08:53:05 2026
POLYGDENSITY minimum density (window 100umx100um) < 0.15
 DENSITY POL.12:MINDENSITY_$1_inpLay -lt 0.150000 -window 100.000000 100.000000 -step 50.000000 50.000000 -backup -inside_of layer DIF.10:_EPTMPL264924 POL.12:L264351
p 1 12
0 -527895
1375285 -527895
1375285 133260
1250000 133260
1250000 22105
900000 22105
900000 72105
850000 72105
850000 133260
650000 133260
650000 22105
0 22105
ME1.11
1 1 2 Jul 28 08:53:05 2026
METAL1DENSITY minimum density (window 100umx100um) < 0.30
 DENSITY ME1.11:MINDENSITY_$2_inpLay -lt 0.300000 -window 100.000000 100.000000 -step 50.000000 50.000000 -backup -inside_of layer DIF.10:_EPTMPL264924 ME1.11:L264353
p 1 10
750000 -527895
1375285 -527895
1375285 133260
0 133260
0 -527895
750000 -527895
750000 33260
800000 33260
800000 22105
750000 22105
ME2.11
1 1 2 Jul 28 08:53:05 2026
METAL2DENSITY minimum density (window 100umx100um) < 0.30
 DENSITY ME2.11:MINDENSITY_$3_inpLay -lt 0.300000 -window 100.000000 100.000000 -step 50.000000 50.000000 -backup -inside_of layer DIF.10:_EPTMPL264924 ME2.11:L264355
p 1 4
0 -527895
1375285 -527895
1375285 133260
0 133260
ME3.11
1 1 2 Jul 28 08:53:05 2026
METAL3DENSITY minimum density (window 100umx100um) < 0.30
 DENSITY ME3.11:MINDENSITY_$4_inpLay -lt 0.300000 -window 100.000000 100.000000 -step 50.000000 50.000000 -backup -inside_of layer DIF.10:_EPTMPL264924 ME3.11:L264357
p 1 4
0 -527895
1375285 -527895
1375285 133260
0 133260
ME4.11
1 1 3 Jul 28 08:53:05 2026
METAL4DENSITY minimum density (window 100umx100um) < 0.30
 NOT METAL4DENSITY noDRC ME4.11:MINDENSITY_$5_inpLay
 DENSITY ME4.11:MINDENSITY_$5_inpLay -lt 0.300000 -window 100.000000 100.000000 -step 50.000000 50.000000 -backup -inside_of layer DIF.10:_EPTMPL264924 ME4.11:L264359
p 1 4
0 -527895
1375285 -527895
1375285 133260
0 133260
ME5.11
1 1 3 Jul 28 08:53:05 2026
METAL5DENSITY minimum density (window 100umx100um) < 0.30
 NOT METAL5DENSITY noDRC ME5.11:MINDENSITY_$6_inpLay
 DENSITY ME5.11:MINDENSITY_$6_inpLay -lt 0.300000 -window 100.000000 100.000000 -step 50.000000 50.000000 -backup -inside_of layer DIF.10:_EPTMPL264924 ME5.11:L264361
p 1 4
0 -527895
1375285 -527895
1375285 133260
0 133260
MEF.11
1 1 2 Jul 28 08:53:05 2026
METALFDENSITY minimum density (window 400umx400um) < 0.30
 DENSITY MEF.11:MINDENSITY_$7_inpLay -lt 0.300000 -window 400.000000 400.000000 -step 200.000000 200.000000 -backup -inside_of layer DIF.10:_EPTMPL264924 MEF.11:L264363
p 1 4
0 -527895
1375285 -527895
1375285 133260
0 133260
